  EFITD    01/21/2000    # 15349  1120ms           7  33  33
 0.500000000E+00 0.800000012E+00 0.566314578E+00 0.300000012E+00 0.000000000E+00
 0.566314578E+00 0.185680836E-01-0.111177396E-01 0.744677754E-02 0.107880902E+01
 0.230547969E+06-0.111177396E-01 0.000000000E+00 0.566314578E+00 0.000000000E+00
 0.185680836E-01 0.000000000E+00 0.744677754E-02 0.000000000E+00 0.000000000E+00
-0.632450521E+00-0.631148636E+00-0.629885435E+00-0.628661335E+00-0.627476394E+00
-0.626330912E+00-0.625225067E+00-0.624159157E+00-0.623133302E+00-0.622147739E+00
-0.621202648E+00-0.620298207E+00-0.619434655E+00-0.618612051E+00-0.617830634E+00
-0.617090523E+00-0.616391897E+00-0.615734935E+00-0.615119696E+00-0.614546299E+00
-0.614014983E+00-0.613525689E+00-0.613078594E+00-0.612673879E+00-0.612311482E+00
-0.611991525E+00-0.611714125E+00-0.611479282E+00-0.611287117E+00-0.611137569E+00
-0.611030757E+00-0.610966623E+00-0.610945284E+00
 0.302287832E+05 0.283690039E+05 0.265682656E+05 0.248265684E+05 0.231439121E+05
 0.215202949E+05 0.199557207E+05 0.184501855E+05 0.170036895E+05 0.156162363E+05
 0.142878232E+05 0.130184502E+05 0.118081182E+05 0.106568271E+05 0.956457617E+04
 0.853136523E+04 0.755719580E+04 0.664206641E+04 0.578597803E+04 0.498893018E+04
 0.425092236E+04 0.357195581E+04 0.295202954E+04 0.239114404E+04 0.188929895E+04
 0.144649451E+04 0.106273059E+04 0.738007385E+03 0.472324738E+03 0.265682648E+03
 0.118081184E+03 0.295202961E+02 0.000000000E+00
-0.144037020E+01-0.139535868E+01-0.135034704E+01-0.130533552E+01-0.126032400E+01
-0.121531236E+01-0.117030084E+01-0.112528920E+01-0.108027768E+01-0.103526616E+01
-0.990254521E+00-0.945242941E+00-0.900231421E+00-0.855219841E+00-0.810208261E+00
-0.765196681E+00-0.720185101E+00-0.675173521E+00-0.630162001E+00-0.585150421E+00
-0.540138841E+00-0.495127261E+00-0.450115710E+00-0.405104131E+00-0.360092551E+00
-0.315081000E+00-0.270069420E+00-0.225057855E+00-0.180046275E+00-0.135034710E+00
-0.900231376E-01-0.450115688E-01 0.000000000E+00
-0.325664325E+07-0.315487325E+07-0.305310300E+07-0.295133300E+07-0.284956275E+07
-0.274779275E+07-0.264602275E+07-0.254425250E+07-0.244248250E+07-0.234071225E+07
-0.223894225E+07-0.213717225E+07-0.203540200E+07-0.193363188E+07-0.183186188E+07
-0.173009175E+07-0.162832162E+07-0.152655150E+07-0.142478138E+07-0.132301138E+07
-0.122124125E+07-0.111947112E+07-0.101770100E+07-0.915930938E+06-0.814160812E+06
-0.712390688E+06-0.610620625E+06-0.508850500E+06-0.407080406E+06-0.305310312E+06
-0.203540203E+06-0.101770102E+06 0.000000000E+00
 0.561326835E-02 0.651335856E-02 0.733262533E-02 0.769860297E-02 0.779954856E-02
 0.773260416E-02 0.755605381E-02 0.731082354E-02 0.703256065E-02 0.676115835E-02
 0.654844427E-02 0.645868620E-02 0.655450625E-02 0.687536085E-02 0.742505118E-02
 0.817451626E-02 0.908062980E-02 0.101078572E-01 0.112368157E-01 0.124616409E-01
 0.137838675E-01 0.152068846E-01 0.167327337E-01 0.183616858E-01 0.200936142E-01
 0.219295956E-01 0.238728672E-01 0.259291511E-01 0.281067248E-01 0.304165278E-01
 0.328725241E-01 0.354923978E-01 0.382987112E-01 0.746588130E-02 0.752442330E-02
 0.773531524E-02 0.786671322E-02 0.788842980E-02 0.781865511E-02 0.768431602E-02
 0.751385652E-02 0.733714085E-02 0.718684029E-02 0.709895976E-02 0.711071491E-02
 0.725535722E-02 0.755591318E-02 0.802134350E-02 0.864737760E-02 0.942169689E-02
 0.103304125E-01 0.113625275E-01 0.125113130E-01 0.137735726E-01 0.151481628E-01
 0.166347791E-01 0.182334594E-01 0.199447293E-01 0.217700507E-01 0.237123035E-01
 0.257761460E-01 0.279683080E-01 0.302979145E-01 0.327769332E-01 0.354208350E-01
 0.382496268E-01 0.891990773E-02 0.864102878E-02 0.847266149E-02 0.834360532E-02
 0.821018126E-02 0.805750769E-02 0.788859650E-02 0.771644013E-02 0.755994115E-02
 0.744181033E-02 0.738689303E-02 0.742012775E-02 0.756377913E-02 0.783485826E-02
 0.824359898E-02 0.879371352E-02 0.948394183E-02 0.103102978E-01 0.112681091E-01
 0.123532740E-01 0.135626933E-01 0.148941902E-01 0.163463186E-01 0.179182384E-01
 0.196097661E-01 0.214215517E-01 0.233553071E-01 0.254140627E-01 0.276023839E-01
 0.299266353E-01 0.323952697E-01 0.350192226E-01 0.378124379E-01 0.983494800E-02
 0.944948755E-02 0.912513491E-02 0.884079188E-02 0.857805926E-02 0.832702033E-02
 0.808688998E-02 0.786443148E-02 0.767205376E-02 0.752613600E-02 0.744561478E-02
 0.745018665E-02 0.755795324E-02 0.778366812E-02 0.813780632E-02 0.862679537E-02
 0.925347209E-02 0.100181317E-01 0.109194685E-01 0.119553078E-01 0.131231984E-01
 0.144207552E-01 0.158458073E-01 0.173965301E-01 0.190715697E-01 0.208701845E-01
 0.227923840E-01 0.248390641E-01 0.270121116E-01 0.293144863E-01 0.317502655E-01
 0.343246460E-01 0.370438732E-01 0.104897106E-01 0.100518074E-01 0.964329485E-02
 0.925935991E-02 0.889500137E-02 0.854788255E-02 0.821980741E-02 0.791704096E-02
 0.764996512E-02 0.743252831E-02 0.728159351E-02 0.721824216E-02 0.726112025E-02
 0.742483325E-02 0.771780312E-02 0.814803783E-02 0.871997606E-02 0.943532493E-02
 0.102937631E-01 0.112937493E-01 0.124328826E-01 0.137082012E-01 0.151165798E-01
 0.166549608E-01 0.183205083E-01 0.201107711E-01 0.220237728E-01 0.240580644E-01
 0.262127072E-01 0.284871925E-01 0.308812503E-01 0.333945341E-01 0.360260941E-01
 0.110007208E-01 0.105225733E-01 0.100510241E-01 0.958704296E-02 0.913164485E-02
 0.868714415E-02 0.825810339E-02 0.785187725E-02 0.747885928E-02 0.715232827E-02
 0.689448602E-02 0.672829710E-02 0.667483266E-02 0.675180694E-02 0.697218953E-02
 0.734375650E-02 0.786626618E-02 0.854156818E-02 0.936960150E-02 0.103480164E-01
 0.114731072E-01 0.127407787E-01 0.141464472E-01 0.156853516E-01 0.173528790E-01
 0.191446617E-01 0.210566521E-01 0.230851248E-01 0.252265669E-01 0.274774767E-01
 0.298340395E-01 0.322916098E-01 0.348439924E-01 0.114343977E-01 0.109150503E-01
 0.103826802E-01 0.984041207E-02 0.929191802E-02 0.874192454E-02 0.819669850E-02
 0.766444905E-02 0.715558650E-02 0.668975571E-02 0.629343418E-02 0.599285495E-02
 0.581272878E-02 0.577488681E-02 0.589696271E-02 0.619108835E-02 0.666265702E-02
 0.731049571E-02 0.812316965E-02 0.909689441E-02 0.102264928E-01 0.115054324E-01
 0.129268281E-01 0.144838654E-01 0.161697567E-01 0.179780964E-01 0.199028403E-01
 0.219382625E-01 0.240788050E-01 0.263188183E-01 0.286521669E-01 0.310716871E-01
 0.335684270E-01 0.118404170E-01 0.112738367E-01 0.106746759E-01 0.100470046E-01
 0.939579960E-02 0.872701872E-02 0.804776605E-02 0.736655202E-02 0.669569895E-02
 0.606382452E-02 0.550110498E-02 0.503781205E-02 0.470300019E-02 0.452314038E-02
 0.452073058E-02 0.471296255E-02 0.511045428E-02 0.571601139E-02 0.652345968E-02
 0.751875015E-02 0.867646281E-02 0.999110937E-02 0.114526516E-01 0.130508430E-01
 0.147766545E-01 0.166215170E-01 0.185775850E-01 0.206375532E-01 0.227945019E-01
 0.250416175E-01 0.273718238E-01 0.297772661E-01 0.322486646E-01 0.122650508E-01
 0.116423052E-01 0.109656183E-01 0.102400733E-01 0.947178807E-02 0.866754819E-02
 0.783463661E-02 0.698084058E-02 0.612696912E-02 0.530636264E-02 0.455356622E-02
 0.390334846E-02 0.338947470E-02 0.304335286E-02 0.289259665E-02 0.295955618E-02
 0.325988838E-02 0.380125828E-02 0.458218111E-02 0.559086585E-02 0.680431863E-02
 0.819016527E-02 0.972317904E-02 0.113920169E-01 0.131844329E-01 0.150901554E-01
 0.170997828E-01 0.192049630E-01 0.213981383E-01 0.236723106E-01 0.260207206E-01
 0.284364726E-01 0.309120398E-01 0.127587309E-01 0.120670721E-01 0.112969941E-01
 0.104560861E-01 0.955254119E-02 0.859430805E-02 0.758880842E-02 0.654294156E-02
 0.548757752E-02 0.445984025E-02 0.349842221E-02 0.264251162E-02 0.193055987E-02
 0.139889738E-02 0.108023384E-02 0.100209669E-02 0.118526630E-02 0.164226443E-02
 0.237598899E-02 0.337864691E-02 0.463092281E-02 0.610120408E-02 0.774717750E-02
 0.952119380E-02 0.114117581E-01 0.134060038E-01 0.154936761E-01 0.176658817E-01
 0.199151319E-01 0.222350843E-01 0.246203039E-01 0.270660575E-01 0.295680910E-01
 0.133829936E-01 0.126006128E-01 0.117118731E-01 0.107307099E-01 0.966925547E-02
 0.853696186E-02 0.734080002E-02 0.608897768E-02 0.481935637E-02 0.357254501E-02
 0.239097816E-02 0.131789537E-02 0.396112096E-03-0.333396485E-03-0.833060825E-03
-0.107037928E-02-0.101961487E-02-0.663450803E-03 0.547589752E-05 0.983236940E-03
 0.225360855E-02 0.378761068E-02 0.554304803E-02 0.746509759E-02 0.948820263E-02
 0.116009451E-01 0.137917204E-01 0.160519648E-01 0.183749255E-01 0.207555760E-01
 0.231904313E-01 0.256775003E-01 0.282163732E-01 0.142193176E-01 0.132995173E-01
 0.122475037E-01 0.110899592E-01 0.984361023E-02 0.851787906E-02 0.711724535E-02
 0.565223861E-02 0.416346174E-02 0.269424194E-02 0.129004358E-02-0.248227866E-05
-0.113672484E-02-0.206756894E-02-0.275303214E-02-0.315602799E-02-0.324618956E-02
-0.300168036E-02-0.241090287E-02-0.147399947E-02-0.204060110E-03 0.137204025E-02
 0.321342098E-02 0.526539888E-02 0.745958183E-02 0.972035713E-02 0.120380614E-01
 0.144046023E-01 0.168148056E-01 0.192655250E-01 0.217554905E-01 0.242853425E-01
 0.268579107E-01 0.153702414E-01 0.142002674E-01 0.129103735E-01 0.115316641E-01
 0.100752851E-01 0.854378287E-02 0.693506282E-02 0.525885727E-02 0.355634233E-02
 0.187218818E-02 0.253841688E-03-0.124949543E-02-0.258816266E-02-0.371357170E-02
-0.457993150E-02-0.514611648E-02-0.537761627E-02-0.524849072E-02-0.474323938E-02
-0.385849155E-02-0.260437792E-02-0.100550300E-02 0.898550265E-03 0.305333501E-02
 0.539051974E-02 0.782828405E-02 0.102921510E-01 0.127780894E-01 0.152832242E-01
 0.178068653E-01 0.203500483E-01 0.229155011E-01 0.255078990E-01 0.167995561E-01
 0.152166830E-01 0.136263855E-01 0.120029291E-01 0.103314752E-01 0.859963428E-02
 0.679515768E-02 0.492410921E-02 0.302680815E-02 0.114814274E-02-0.663392129E-03
-0.235687429E-02-0.388036296E-02-0.518252468E-02-0.621445198E-02-0.693163183E-02
-0.729600666E-02-0.727806427E-02-0.685887085E-02-0.603191927E-02-0.480464427E-02
-0.319952308E-02-0.125467859E-02 0.976101321E-03 0.342397415E-02 0.600673491E-02
 0.863033254E-02 0.112410169E-01 0.138411084E-01 0.164334252E-01 0.190215223E-01
 0.216097273E-01 0.242032651E-01 0.179581977E-01 0.160760414E-01 0.142400628E-01
 0.124096079E-01 0.105556510E-01 0.865503866E-02 0.668719551E-02 0.465459889E-02
 0.259645144E-02 0.557408959E-03-0.141354569E-02-0.326439831E-02-0.494160503E-02
-0.639179861E-02-0.756368274E-02-0.841007382E-02-0.889004767E-02-0.897112116E-02
-0.863141846E-02-0.786188245E-02-0.666767685E-02-0.506938156E-02-0.310370303E-02
-0.823583046E-03 0.170243927E-02 0.439161668E-02 0.714963442E-02 0.987569429E-02
 0.125600528E-01 0.152088292E-01 0.178280342E-01 0.204232931E-01 0.229997914E-01
 0.186125766E-01 0.166009516E-01 0.146295698E-01 0.126703372E-01 0.106958365E-01
 0.868031383E-02 0.659930333E-02 0.445376290E-02 0.228230027E-02 0.129393607E-03
-0.195571594E-02-0.392034603E-02-0.570991402E-02-0.726968609E-02-0.854671933E-02
-0.949194562E-02-0.100623444E-01-0.102231093E-01-0.994966738E-02-0.923142955E-02
-0.807187334E-02-0.649001775E-02-0.452129962E-02-0.221781060E-02 0.352183823E-03
 0.310552446E-02 0.594613329E-02 0.876727793E-02 0.115148351E-01 0.141999871E-01
 0.168316662E-01 0.194168538E-01 0.219607577E-01 0.188222025E-01 0.167717077E-01
 0.147545440E-01 0.127473455E-01 0.107242875E-01 0.865925010E-02 0.652641710E-02
 0.432704855E-02 0.209957967E-02-0.111547371E-03-0.225693872E-02-0.428355811E-02
-0.613627071E-02-0.775960973E-02-0.909974240E-02-0.101066083E-01-0.107361926E-01
-0.109529002E-01-0.107257534E-01-0.100477375E-01-0.892050844E-02-0.736163091E-02
-0.540536363E-02-0.310287857E-02-0.521796581E-03 0.225504301E-02 0.513166049E-02
 0.800194498E-02 0.107766548E-01 0.134691056E-01 0.160898063E-01 0.186464693E-01
 0.211442336E-01 0.186187159E-01 0.165971555E-01 0.146122873E-01 0.126352077E-01
 0.106375236E-01 0.859230291E-02 0.647365721E-02 0.428440608E-02 0.206302316E-02
-0.145991798E-03-0.229318766E-02-0.432546064E-02-0.618757633E-02-0.782390777E-02
-0.918036792E-02-0.102065029E-01-0.108576678E-01-0.110971909E-01-0.108983424E-01
-0.102486899E-01-0.914970879E-02-0.761840213E-02-0.568829384E-02-0.340974680E-02
-0.849547971E-03 0.191032654E-02 0.477482984E-02 0.763887679E-02 0.103971846E-01
 0.130626988E-01 0.156461522E-01 0.181551203E-01 0.205943193E-01 0.179767031E-01
 0.160760544E-01 0.142147709E-01 0.123506468E-01 0.104527865E-01 0.849578064E-02
 0.645632669E-02 0.434024446E-02 0.218644878E-02 0.396237992E-04-0.205084821E-02
-0.403213501E-02-0.584941776E-02-0.744757010E-02-0.877304375E-02-0.977591798E-02
-0.104120765E-01-0.106454510E-01-0.104503231E-01-0.981362071E-02-0.873647537E-02
-0.723550422E-02-0.534367748E-02-0.311060646E-02-0.602120010E-03 0.210095453E-02
 0.490486203E-02 0.770596461E-02 0.104021430E-01 0.130053870E-01 0.155251864E-01
 0.179679338E-01 0.203372762E-01 0.168424509E-01 0.152351661E-01 0.136109376E-01
 0.119418651E-01 0.102105029E-01 0.840131938E-02 0.649826881E-02 0.451148814E-02
 0.248082681E-02 0.451173895E-03-0.152843166E-02-0.340590905E-02-0.512748724E-02
-0.663929246E-02-0.788915530E-02-0.882859249E-02-0.941492431E-02-0.961345434E-02
-0.939963013E-02-0.876108557E-02-0.769930985E-02-0.623095408E-02-0.438866625E-02
-0.222134544E-02 0.206277400E-03 0.281481072E-02 0.551225105E-02 0.819664821E-02
 0.107884584E-01 0.132973557E-01 0.157301165E-01 0.180908348E-01 0.203812718E-01
 0.154545028E-01 0.142578846E-01 0.129298856E-01 0.114990044E-01 0.997326802E-02
 0.835147128E-02 0.662698317E-02 0.481326878E-02 0.295082759E-02 0.108424947E-02
-0.738401199E-03-0.246651215E-02-0.404814305E-02-0.543150399E-02-0.656666467E-02
-0.740744267E-02-0.791342184E-02-0.805202220E-02-0.780054228E-02-0.714804465E-02
-0.609698705E-02-0.466447137E-02-0.288302870E-02-0.800840033E-03 0.151873089E-02
 0.399838714E-02 0.654865569E-02 0.907106418E-02 0.115250265E-01 0.139150778E-01
 0.162437540E-01 0.185117964E-01 0.207183138E-01 0.143657411E-01 0.134214992E-01
 0.123325326E-01 0.111226933E-01 0.980534684E-02 0.838589389E-02 0.686395867E-02
 0.525220903E-02 0.359028718E-02 0.192129228E-02 0.291282457E-03-0.125155190E-02
-0.265801093E-02-0.387927238E-02-0.486850319E-02-0.558264647E-02-0.598432496E-02
-0.604379131E-02-0.574083207E-02-0.506653544E-02-0.402480224E-02-0.263351062E-02
-0.925216824E-03 0.105273305E-02 0.323864166E-02 0.555747561E-02 0.792380702E-02
 0.102583840E-01 0.125562018E-01 0.148148378E-01 0.170317814E-01 0.192039404E-01
 0.213273913E-01 0.136148725E-01 0.128150843E-01 0.118962983E-01 0.108696101E-01
 0.974383764E-02 0.852454733E-02 0.721411174E-02 0.581977796E-02 0.437824754E-02
 0.292960997E-02 0.151669339E-02 0.184235498E-03-0.102222594E-02-0.205768738E-02
-0.287920865E-02-0.344759785E-02-0.372919790E-02-0.369770708E-02-0.333594671E-02
-0.263748737E-02-0.160802400E-02-0.266395858E-03 0.135483791E-02 0.320923538E-02
 0.523719098E-02 0.736777671E-02 0.951750856E-02 0.116677983E-01 0.138108442E-01
 0.159397516E-01 0.180481914E-01 0.201298650E-01 0.221781041E-01 0.131005123E-01
 0.124033643E-01 0.116158659E-01 0.107429232E-01 0.978968386E-02 0.876066834E-02
 0.765946507E-02 0.648904871E-02 0.527775940E-02 0.406160997E-02 0.287935487E-02
 0.177144434E-02 0.778971415E-03-0.575943995E-04-0.699859462E-03-0.111309031E-02
-0.126788032E-02-0.114183547E-02-0.721198390E-03-0.231453600E-05 0.100713619E-02
 0.228719506E-02 0.380516704E-02 0.551630836E-02 0.736377714E-02 0.927579589E-02
 0.112302033E-01 0.132142948E-01 0.152170788E-01 0.172290839E-01 0.192415994E-01
 0.212461334E-01 0.232339595E-01 0.127411205E-01 0.121294754E-01 0.114533408E-01
 0.107153263E-01 0.991882570E-02 0.906768721E-02 0.816613343E-02 0.721883075E-02
 0.623888103E-02 0.525801023E-02 0.431000022E-02 0.343038468E-02 0.265529612E-02
 0.202017976E-02 0.155843282E-02 0.129993993E-02 0.126953202E-02 0.148542889E-02
 0.195774413E-02 0.268715038E-02 0.366387935E-02 0.486710528E-02 0.626440439E-02
 0.781134469E-02 0.945830252E-02 0.111856414E-01 0.129783154E-01 0.148229413E-01
 0.167080574E-01 0.186233837E-01 0.205592830E-01 0.225062482E-01 0.244544204E-01
 0.124740982E-01 0.119395694E-01 0.113638192E-01 0.107486071E-01 0.100963963E-01
 0.941049587E-02 0.869534165E-02 0.795696583E-02 0.720376847E-02 0.645285752E-02
 0.573372515E-02 0.507670641E-02 0.451265136E-02 0.407170318E-02 0.378202647E-02
 0.366848987E-02 0.375127373E-02 0.404442800E-02 0.455446914E-02 0.527925976E-02
 0.620747078E-02 0.731742103E-02 0.857194979E-02 0.995415263E-02 0.114450818E-01
 0.130301733E-01 0.146959592E-01 0.164307747E-01 0.182241779E-01 0.200665835E-01
 0.219488125E-01 0.238616206E-01 0.257951561E-01 0.122471331E-01 0.117848953E-01
 0.113033624E-01 0.108034266E-01 0.102862818E-01 0.975399837E-02 0.921013951E-02
 0.866037142E-02 0.811309833E-02 0.758033060E-02 0.707738008E-02 0.662856456E-02
 0.626023998E-02 0.599728106E-02 0.586255593E-02 0.587598560E-02 0.605336903E-02
 0.640499964E-02 0.693392893E-02 0.763342483E-02 0.848966092E-02 0.949565042E-02
 0.106375804E-01 0.119036268E-01 0.132821342E-01 0.147618707E-01 0.163328219E-01
 0.179858971E-01 0.197128374E-01 0.215059556E-01 0.233578086E-01 0.252607521E-01
 0.272063799E-01 0.120113026E-01 0.116192866E-01 0.112305088E-01 0.108437054E-01
 0.104572866E-01 0.100706005E-01 0.968492217E-02 0.930409599E-02 0.893489178E-02
 0.858716387E-02 0.827363413E-02 0.801066868E-02 0.781634636E-02 0.770872971E-02
 0.770478975E-02 0.781947561E-02 0.806482509E-02 0.844913814E-02 0.897628255E-02
 0.964541268E-02 0.104523012E-01 0.113923587E-01 0.124592679E-01 0.136457589E-01
 0.149444174E-01 0.163481869E-01 0.178504419E-01 0.194451734E-01 0.211269874E-01
 0.228910092E-01 0.247326568E-01 0.266472977E-01 0.286297202E-01 0.117133446E-01
 0.113944989E-01 0.111053409E-01 0.108388588E-01 0.105872890E-01 0.103448983E-01
 0.101094050E-01 0.988230295E-02 0.966857467E-02 0.947621185E-02 0.931573939E-02
 0.919955317E-02 0.914114621E-02 0.915423594E-02 0.925196614E-02 0.944621488E-02
 0.974699482E-02 0.101619838E-01 0.106962267E-01 0.113521758E-01 0.121300966E-01
 0.130285723E-01 0.140449526E-01 0.151758790E-01 0.164176226E-01 0.177664310E-01
 0.192188825E-01 0.207720809E-01 0.224238057E-01 0.241725538E-01 0.260175075E-01
 0.279583540E-01 0.299949571E-01 0.112819700E-01 0.110522201E-01 0.108885765E-01
 0.107679646E-01 0.106692351E-01 0.105787525E-01 0.104908440E-01 0.104060760E-01
 0.103293266E-01 0.102683147E-01 0.102325883E-01 0.102328490E-01 0.102803716E-01
 0.103864931E-01 0.105621712E-01 0.108175874E-01 0.111617921E-01 0.116024064E-01
 0.121454149E-01 0.127950925E-01 0.135540860E-01 0.144236712E-01 0.154039739E-01
 0.164942965E-01 0.176935308E-01 0.190005656E-01 0.204146374E-01 0.219356660E-01
 0.235645100E-01 0.253031980E-01 0.271550883E-01 0.291250199E-01 0.312193763E-01
 0.105940364E-01 0.105106849E-01 0.105488794E-01 0.106360698E-01 0.107262963E-01
 0.108010937E-01 0.108581353E-01 0.109028453E-01 0.109439753E-01 0.109915314E-01
 0.110558746E-01 0.111473463E-01 0.112761343E-01 0.114522008E-01 0.116852075E-01
 0.119844116E-01 0.123585183E-01 0.128154960E-01 0.133623620E-01 0.140049672E-01
 0.147478310E-01 0.155940894E-01 0.165456273E-01 0.176034123E-01 0.187679529E-01
 0.200398210E-01 0.214201473E-01 0.229110401E-01 0.245159566E-01 0.262400601E-01
 0.280906130E-01 0.300774463E-01 0.322135761E-01 0.936203916E-02 0.965779927E-02
 0.101244338E-01 0.105300378E-01 0.108434847E-01 0.110805873E-01 0.112636322E-01
 0.114130378E-01 0.115459198E-01 0.116763739E-01 0.118161608E-01 0.119754160E-01
 0.121632842E-01 0.123884212E-01 0.126593616E-01 0.129847238E-01 0.133732641E-01
 0.138337808E-01 0.143748159E-01 0.150041748E-01 0.157283191E-01 0.165518895E-01
 0.174776223E-01 0.185068361E-01 0.196402483E-01 0.208788794E-01 0.222247299E-01
 0.236812606E-01 0.252537392E-01 0.269495994E-01 0.287789200E-01 0.307551250E-01
 0.328960121E-01 0.771540636E-02 0.889392663E-02 0.100188097E-01 0.107196448E-01
 0.111863678E-01 0.115168551E-01 0.117681362E-01 0.119760288E-01 0.121640107E-01
 0.123479059E-01 0.125387087E-01 0.127445059E-01 0.129719405E-01 0.132273473E-01
 0.135175511E-01 0.138503546E-01 0.142347766E-01 0.146811120E-01 0.152006745E-01
 0.158048887E-01 0.165035594E-01 0.173029713E-01 0.182052329E-01 0.192095116E-01
 0.203143172E-01 0.215193816E-01 0.228265543E-01 0.242399536E-01 0.257659294E-01
 0.274131391E-01 0.291928966E-01 0.311198570E-01 0.332131125E-01
 0.854189575E+00 0.864362359E+00 0.882168889E+00 0.900587857E+00 0.919740498E+00
 0.939927459E+00 0.961192906E+00 0.983650267E+00 0.100744605E+01 0.103267050E+01
 0.105945587E+01 0.108798945E+01 0.111845648E+01 0.115105093E+01 0.118601239E+01
 0.122363603E+01 0.126425624E+01 0.130826521E+01 0.135614049E+01 0.140846324E+01
 0.146595335E+01 0.152951157E+01 0.160026336E+01 0.167962933E+01 0.176952207E+01
 0.187257719E+01 0.199250734E+01 0.213501239E+01 0.230929804E+01 0.253172684E+01
 0.283744836E+01 0.333121681E+01 0.793401623E+01
  361  231
 0.461326480E+00-0.332238227E+00 0.464627326E+00-0.329690218E+00 0.467942327E+00
-0.327160627E+00 0.471268475E+00-0.324645668E+00 0.474603355E+00-0.322142333E+00
 0.477945805E+00-0.319649130E+00 0.481294334E+00-0.317164123E+00 0.484646916E+00
-0.314684540E+00 0.488001496E+00-0.312207639E+00 0.491356909E+00-0.309731901E+00
 0.494713664E+00-0.307258010E+00 0.498072386E+00-0.304786742E+00 0.501433253E+00
-0.302318364E+00 0.504795790E+00-0.299852341E+00 0.508158505E+00-0.297386557E+00
 0.511518717E+00-0.294917315E+00 0.514873683E+00-0.292440981E+00 0.518221080E+00
-0.289954424E+00 0.521559179E+00-0.287455380E+00 0.524887621E+00-0.284943491E+00
 0.528207004E+00-0.282419652E+00 0.531518281E+00-0.279885143E+00 0.534822166E+00
-0.277341068E+00 0.538118958E+00-0.274787784E+00 0.541407466E+00-0.272223860E+00
 0.544685483E+00-0.269646466E+00 0.547950506E+00-0.267052680E+00 0.551200330E+00
-0.264439911E+00 0.554433644E+00-0.261806726E+00 0.557650447E+00-0.259153336E+00
 0.560851455E+00-0.256480962E+00 0.564038038E+00-0.253791362E+00 0.567211390E+00
-0.251086235E+00 0.570371687E+00-0.248365834E+00 0.573517144E+00-0.245628238E+00
 0.576645017E+00-0.242870629E+00 0.579752862E+00-0.240090474E+00 0.582838774E+00
-0.237285927E+00 0.585901856E+00-0.234456554E+00 0.588943064E+00-0.231603622E+00
 0.591964006E+00-0.228729248E+00 0.594966710E+00-0.225835800E+00 0.597952545E+00
-0.222925007E+00 0.600920379E+00-0.219995841E+00 0.603866994E+00-0.217045292E+00
 0.606789470E+00-0.214070886E+00 0.609686196E+00-0.211071342E+00 0.612556517E+00
-0.208046570E+00 0.615401030E+00-0.204997480E+00 0.618220508E+00-0.201925278E+00
 0.621015728E+00-0.198830917E+00 0.623786092E+00-0.195714355E+00 0.626530170E+00
-0.192574576E+00 0.629246116E+00-0.189410433E+00 0.631932378E+00-0.186221063E+00
 0.634588301E+00-0.183006391E+00 0.637214422E+00-0.179767296E+00 0.639811933E+00
-0.176505283E+00 0.642382383E+00-0.173221841E+00 0.644925416E+00-0.169917151E+00
 0.647438586E+00-0.166589692E+00 0.649919093E+00-0.163237780E+00 0.652365446E+00
-0.159860864E+00 0.654777825E+00-0.156459615E+00 0.657157660E+00-0.153035551E+00
 0.659507155E+00-0.149590552E+00 0.661826730E+00-0.146125332E+00 0.664113581E+00
-0.142638445E+00 0.666364491E+00-0.139128268E+00 0.668577611E+00-0.135594130E+00
 0.670752645E+00-0.132036418E+00 0.672890723E+00-0.128456369E+00 0.674993753E+00
-0.124855638E+00 0.677062809E+00-0.121235266E+00 0.679095805E+00-0.117594518E+00
 0.681089759E+00-0.113932259E+00 0.683042526E+00-0.110247850E+00 0.684952974E+00
-0.106541358E+00 0.686821461E+00-0.102813497E+00 0.688649058E+00-0.990654454E-01
 0.690436959E+00-0.952982903E-01 0.692184806E+00-0.915123969E-01 0.693890870E+00
-0.877074823E-01 0.695552945E+00-0.838831365E-01 0.697168887E+00-0.800390914E-01
 0.698737144E+00-0.761753321E-01 0.700256586E+00-0.722921342E-01 0.701727092E+00
-0.683901310E-01 0.703148961E+00-0.644701421E-01 0.704522669E+00-0.605330095E-01
 0.705848575E+00-0.565795265E-01 0.707126856E+00-0.526104085E-01 0.708357334E+00
-0.486261845E-01 0.709538758E+00-0.446271524E-01 0.710669279E+00-0.406134427E-01
 0.711747050E+00-0.365852490E-01 0.712770283E+00-0.325428471E-01 0.713737249E+00
-0.284866225E-01 0.714646399E+00-0.244170502E-01 0.715496659E+00-0.203347616E-01
 0.716287613E+00-0.162405763E-01 0.717018962E+00-0.121353297E-01 0.717690289E+00
-0.801983569E-02 0.718300939E+00-0.389490300E-02 0.718850136E+00 0.238659704E-03
 0.719337046E+00 0.438001752E-02 0.719761252E+00 0.852827262E-02 0.720122159E+00
 0.126825133E-01 0.720418990E+00 0.168418158E-01 0.720651090E+00 0.210052393E-01
 0.720817327E+00 0.251718089E-01 0.720916808E+00 0.293405037E-01 0.720949173E+00
 0.335102640E-01 0.720913947E+00 0.376799963E-01 0.720810592E+00 0.418485999E-01
 0.720638514E+00 0.460149311E-01 0.720396996E+00 0.501778126E-01 0.720085323E+00
 0.543360263E-01 0.719703197E+00 0.584883653E-01 0.719250500E+00 0.626336038E-01
 0.718726933E+00 0.667704791E-01 0.718131959E+00 0.708976984E-01 0.717465043E+00
 0.750138983E-01 0.716725707E+00 0.791177154E-01 0.715913832E+00 0.832078010E-01
 0.715029538E+00 0.872828364E-01 0.714072824E+00 0.913414806E-01 0.713043749E+00
 0.953823775E-01 0.711942315E+00 0.994041711E-01 0.710768878E+00 0.103405535E+00
 0.709524572E+00 0.107385427E+00 0.708210886E+00 0.111342981E+00 0.706829667E+00
 0.115277477E+00 0.705382645E+00 0.119188242E+00 0.703870952E+00 0.123074442E+00
 0.702294648E+00 0.126934916E+00 0.700653195E+00 0.130768150E+00 0.698946059E+00
 0.134572551E+00 0.697173357E+00 0.138346896E+00 0.695336461E+00 0.142090365E+00
 0.693437457E+00 0.145802766E+00 0.691479325E+00 0.149484321E+00 0.689464688E+00
 0.153135225E+00 0.687393427E+00 0.156754345E+00 0.685264111E+00 0.160339579E+00
 0.683075666E+00 0.163889050E+00 0.680828333E+00 0.167401522E+00 0.678523779E+00
 0.170876741E+00 0.676165044E+00 0.174315393E+00 0.673755288E+00 0.177718490E+00
 0.671294928E+00 0.181085199E+00 0.668782234E+00 0.184413001E+00 0.666215539E+00
 0.187699392E+00 0.663594604E+00 0.190942630E+00 0.660920501E+00 0.194142178E+00
 0.658195853E+00 0.197298825E+00 0.655423403E+00 0.200413570E+00 0.652604043E+00
 0.203485936E+00 0.649736702E+00 0.206513539E+00 0.646819651E+00 0.209493309E+00
 0.643851638E+00 0.212422296E+00 0.640832186E+00 0.215298280E+00 0.637762427E+00
 0.218120426E+00 0.634644389E+00 0.220889181E+00 0.631480873E+00 0.223605826E+00
 0.628274679E+00 0.226271987E+00 0.625027239E+00 0.228887782E+00 0.621737421E+00
 0.231449991E+00 0.618403018E+00 0.233953983E+00 0.615022361E+00 0.236395150E+00
 0.611594319E+00 0.238769263E+00 0.608119071E+00 0.241073713E+00 0.604598284E+00
 0.243308052E+00 0.601034284E+00 0.245472655E+00 0.597429276E+00 0.247568384E+00
 0.593785524E+00 0.249595925E+00 0.590104043E+00 0.251554221E+00 0.586385071E+00
 0.253440201E+00 0.582628310E+00 0.255249798E+00 0.578833699E+00 0.256978601E+00
 0.575001717E+00 0.258622944E+00 0.571133316E+00 0.260179609E+00 0.567229569E+00
 0.261645406E+00 0.563291788E+00 0.263017148E+00 0.559321642E+00 0.264292300E+00
 0.555321217E+00 0.265468806E+00 0.551292479E+00 0.266544461E+00 0.547237575E+00
 0.267516822E+00 0.543158889E+00 0.268383950E+00 0.539058864E+00 0.269143939E+00
 0.534940064E+00 0.269794583E+00 0.530805230E+00 0.270333499E+00 0.526657104E+00
 0.270758599E+00 0.522498727E+00 0.271067709E+00 0.518333256E+00 0.271258384E+00
 0.514163971E+00 0.271328062E+00 0.509994507E+00 0.271274418E+00 0.505828500E+00
 0.271095067E+00 0.501670063E+00 0.270787269E+00 0.497523397E+00 0.270348430E+00
 0.493393034E+00 0.269776076E+00 0.489283860E+00 0.269067615E+00 0.485201001E+00
 0.268220425E+00 0.481150031E+00 0.267231941E+00 0.477136821E+00 0.266099960E+00
 0.473167509E+00 0.264822453E+00 0.469248652E+00 0.263397753E+00 0.465386868E+00
 0.261824906E+00 0.461588800E+00 0.260103792E+00 0.457861036E+00 0.258235335E+00
 0.454209745E+00 0.256221473E+00 0.450640678E+00 0.254065275E+00 0.447158903E+00
 0.251770735E+00 0.443768889E+00 0.249342680E+00 0.440474927E+00 0.246785805E+00
 0.437282026E+00 0.244103774E+00 0.434195489E+00 0.241299957E+00 0.431219727E+00
 0.238378823E+00 0.428357363E+00 0.235346451E+00 0.425609350E+00 0.232210129E+00
 0.422975153E+00 0.228977636E+00 0.420453936E+00 0.225656271E+00 0.418044955E+00
 0.222252652E+00 0.415747494E+00 0.218772769E+00 0.413560629E+00 0.215222374E+00
 0.411482334E+00 0.211607322E+00 0.409509987E+00 0.207933411E+00 0.407640487E+00
 0.204206124E+00 0.405871034E+00 0.200430289E+00 0.404199213E+00 0.196610242E+00
 0.402622879E+00 0.192749813E+00 0.401139766E+00 0.188852593E+00 0.399747401E+00
 0.184922054E+00 0.398442924E+00 0.180961490E+00 0.397223234E+00 0.176973969E+00
 0.396085232E+00 0.172962382E+00 0.395025700E+00 0.168929368E+00 0.394041538E+00
 0.164877295E+00 0.393129915E+00 0.160808280E+00 0.392288327E+00 0.156724215E+00
 0.391514361E+00 0.152626783E+00 0.390805781E+00 0.148517534E+00 0.390160024E+00
 0.144397959E+00 0.389574200E+00 0.140269428E+00 0.389045388E+00 0.136133194E+00
 0.388570905E+00 0.131990388E+00 0.388148069E+00 0.127841994E+00 0.387774378E+00
 0.123688877E+00 0.387447089E+00 0.119531848E+00 0.387162805E+00 0.115371652E+00
 0.386918336E+00 0.111208931E+00 0.386710763E+00 0.107044198E+00 0.386537313E+00
 0.102877915E+00 0.386395425E+00 0.987104252E-01 0.386282474E+00 0.945420563E-01
 0.386195630E+00 0.903730616E-01 0.386132240E+00 0.862036422E-01 0.386089772E+00
 0.820339546E-01 0.386066049E+00 0.778641179E-01 0.386058956E+00 0.736942217E-01
 0.386066496E+00 0.695243254E-01 0.386086822E+00 0.653544739E-01 0.386118114E+00
 0.611846894E-01 0.386158764E+00 0.570149831E-01 0.386207283E+00 0.528453626E-01
 0.386262178E+00 0.486758202E-01 0.386322290E+00 0.445063524E-01 0.386386633E+00
 0.403369442E-01 0.386454284E+00 0.361675881E-01 0.386524409E+00 0.319982767E-01
 0.386596143E+00 0.278289896E-01 0.386668712E+00 0.236597173E-01 0.386741489E+00
 0.194904488E-01 0.386814088E+00 0.153211774E-01 0.386886209E+00 0.111518977E-01
 0.386957437E+00 0.698260311E-02 0.387027472E+00 0.281328801E-02 0.387095958E+00
-0.135605328E-02 0.387162656E+00-0.552542321E-02 0.387227625E+00-0.969482027E-02
 0.387290895E+00-0.138642443E-01 0.387352496E+00-0.180336926E-01 0.387412429E+00
-0.222031642E-01 0.387470722E+00-0.263726618E-01 0.387527555E+00-0.305421762E-01
 0.387583375E+00-0.347117074E-01 0.387638599E+00-0.388812460E-01 0.387693703E+00
-0.430507846E-01 0.387749195E+00-0.472203195E-01 0.387805581E+00-0.513898395E-01
 0.387863457E+00-0.555593409E-01 0.387923807E+00-0.597288087E-01 0.387987614E+00
-0.638982207E-01 0.388055861E+00-0.680675656E-01 0.388129711E+00-0.722368211E-01
 0.388210326E+00-0.764059424E-01 0.388298988E+00-0.805748999E-01 0.388397038E+00
-0.847436562E-01 0.388505876E+00-0.889121369E-01 0.388627082E+00-0.930802748E-01
 0.388762355E+00-0.972479805E-01 0.388913453E+00-0.101415150E+00 0.389082104E+00
-0.105581641E+00 0.389269769E+00-0.109747313E+00 0.389478058E+00-0.113912009E+00
 0.389708638E+00-0.118075527E+00 0.389963329E+00-0.122237645E+00 0.390244007E+00
-0.126398087E+00 0.390552342E+00-0.130556569E+00 0.390889466E+00-0.134712830E+00
 0.391256511E+00-0.138866544E+00 0.391654611E+00-0.143017396E+00 0.392085016E+00
-0.147165015E+00 0.392548889E+00-0.151309028E+00 0.393047333E+00-0.155449033E+00
 0.393581033E+00-0.159584641E+00 0.394150734E+00-0.163715437E+00 0.394757152E+00
-0.167841002E+00 0.395401061E+00-0.171960875E+00 0.396083236E+00-0.176074594E+00
 0.396804422E+00-0.180181667E+00 0.397565246E+00-0.184281558E+00 0.398366421E+00
-0.188373774E+00 0.399208546E+00-0.192457736E+00 0.400092274E+00-0.196532920E+00
 0.401018202E+00-0.200598717E+00 0.401986688E+00-0.204654574E+00 0.402997881E+00
-0.208700016E+00 0.404051542E+00-0.212734595E+00 0.405147374E+00-0.216757923E+00
 0.406284660E+00-0.220769733E+00 0.407462567E+00-0.224769801E+00 0.408680230E+00
-0.228757948E+00 0.409937769E+00-0.232733712E+00 0.411235899E+00-0.236696392E+00
 0.412575603E+00-0.240645230E+00 0.413957864E+00-0.244579345E+00 0.415383637E+00
-0.248497918E+00 0.416853607E+00-0.252400130E+00 0.418368548E+00-0.256285101E+00
 0.419929177E+00-0.260151953E+00 0.421535850E+00-0.263999879E+00 0.423188418E+00
-0.267828315E+00 0.424886316E+00-0.271636903E+00 0.426628709E+00-0.275425315E+00
 0.428415805E+00-0.279192865E+00 0.430249870E+00-0.282937735E+00 0.432133555E+00
-0.286657929E+00 0.434069037E+00-0.290351421E+00 0.436057627E+00-0.294016600E+00
 0.438099355E+00-0.297652423E+00 0.440192699E+00-0.301258802E+00 0.442335844E+00
-0.304835826E+00 0.444529116E+00-0.308382303E+00 0.446773469E+00-0.311896682E+00
 0.449069947E+00-0.315377235E+00 0.451419145E+00-0.318822414E+00 0.453820914E+00
-0.322231174E+00 0.456274360E+00-0.325602919E+00 0.458777189E+00-0.328938216E+00
 0.461326480E+00-0.332238227E+00
 0.771499991E+00 0.000000000E+00 0.771373510E+00 0.748608634E-02 0.770993888E+00
 0.149639156E-01 0.770361900E+00 0.224252380E-01 0.769477785E+00 0.298618134E-01
 0.768342674E+00 0.372654200E-01 0.766957581E+00 0.446278676E-01 0.765323877E+00
 0.519409850E-01 0.763443172E+00 0.591966398E-01 0.761341810E+00 0.663946494E-01
 0.759120226E+00 0.735657290E-01 0.756788611E+00 0.807198063E-01 0.754343808E+00
 0.878631175E-01 0.751782477E+00 0.950017571E-01 0.749100626E+00 0.102141701E+00
 0.746293724E+00 0.109288797E+00 0.743356884E+00 0.116448700E+00 0.740284681E+00
 0.123627096E+00 0.737071216E+00 0.130829394E+00 0.733709693E+00 0.138060793E+00
 0.730193198E+00 0.145326301E+00 0.726513922E+00 0.152631000E+00 0.722663522E+00
 0.159979403E+00 0.718632996E+00 0.167375907E+00 0.714412689E+00 0.174824595E+00
 0.709992290E+00 0.182329193E+00 0.705360770E+00 0.189893097E+00 0.700506091E+00
 0.197519198E+00 0.695415914E+00 0.205210000E+00 0.690076590E+00 0.212967098E+00
 0.684474170E+00 0.220791698E+00 0.678593576E+00 0.228684202E+00 0.672419012E+00
 0.236644104E+00 0.665934026E+00 0.244669795E+00 0.666466594E+00 0.270939410E+00
 0.658715487E+00 0.279461086E+00 0.650582373E+00 0.288017213E+00 0.642048478E+00
 0.296599388E+00 0.633094311E+00 0.305197686E+00 0.623698413E+00 0.313791305E+00
 0.610298276E+00 0.302269787E+00 0.600612521E+00 0.310318798E+00 0.590424478E+00
 0.318012804E+00 0.579747975E+00 0.325311691E+00 0.568599820E+00 0.332176000E+00
 0.556999981E+00 0.338566989E+00 0.544971585E+00 0.344447404E+00 0.532540917E+00
 0.349781096E+00 0.519737005E+00 0.354533911E+00 0.506591678E+00 0.358673513E+00
 0.493139714E+00 0.362169802E+00 0.479417890E+00 0.364995211E+00 0.465474099E+00
 0.367090404E+00 0.451680988E+00 0.367291093E+00 0.441291988E+00 0.356112599E+00
 0.428916812E+00 0.351905704E+00 0.417472810E+00 0.345341802E+00 0.407158285E+00
 0.336549789E+00 0.397051603E+00 0.327942789E+00 0.385492593E+00 0.322558492E+00
 0.369458407E+00 0.324831605E+00 0.361698806E+00 0.312547207E+00 0.355642587E+00
 0.298524708E+00 0.350227386E+00 0.284598112E+00 0.345427185E+00 0.270800799E+00
 0.341214687E+00 0.257162899E+00 0.337561607E+00 0.243710995E+00 0.334438890E+00
 0.230468795E+00 0.331817389E+00 0.217456400E+00 0.329667687E+00 0.204690903E+00
 0.327961087E+00 0.192186505E+00 0.326668799E+00 0.179954499E+00 0.327562988E+00
 0.170769006E+00 0.331423014E+00 0.170769006E+00 0.334885001E+00 0.170769006E+00
 0.337769002E+00 0.169615000E+00 0.340653986E+00 0.165000007E+00 0.344114989E+00
 0.156345993E+00 0.345845997E+00 0.149423003E+00 0.347000003E+00 0.139614999E+00
 0.347000003E+00 0.121243604E+00 0.347000003E+00 0.111658998E+00 0.347000003E+00
 0.102423802E+00 0.347000003E+00 0.934980214E-01 0.347000003E+00 0.848455057E-01
 0.347000003E+00 0.764337480E-01 0.347000003E+00 0.682331324E-01 0.347000003E+00
 0.602165312E-01 0.347000003E+00 0.523588806E-01 0.347000003E+00 0.446368791E-01
 0.347000003E+00 0.370286666E-01 0.347000003E+00 0.295135751E-01 0.347000003E+00
 0.220718887E-01 0.347000003E+00 0.146846306E-01 0.347000003E+00 0.733336154E-02
 0.347000003E+00 0.188565691E-10 0.347000003E+00-0.733336154E-02 0.347000003E+00
-0.146846306E-01 0.347000003E+00-0.220718887E-01 0.347000003E+00-0.295135751E-01
 0.347000003E+00-0.370286666E-01 0.347000003E+00-0.446368791E-01 0.347000003E+00
-0.523588806E-01 0.347000003E+00-0.602165312E-01 0.347000003E+00-0.682331398E-01
 0.347000003E+00-0.764337480E-01 0.347000003E+00-0.848455057E-01 0.347000003E+00
-0.934980214E-01 0.347000003E+00-0.102423802E+00 0.347000003E+00-0.111658998E+00
 0.347000003E+00-0.121243604E+00 0.347000003E+00-0.139614999E+00 0.345845997E+00
-0.149423003E+00 0.344114989E+00-0.156345993E+00 0.340653986E+00-0.165000007E+00
 0.337769002E+00-0.169615000E+00 0.334885001E+00-0.170769006E+00 0.331423014E+00
-0.170769006E+00 0.327562988E+00-0.170769006E+00 0.326668799E+00-0.179954499E+00
 0.327961087E+00-0.192186505E+00 0.329667687E+00-0.204690903E+00 0.331817389E+00
-0.217456400E+00 0.334438890E+00-0.230468795E+00 0.337561607E+00-0.243710995E+00
 0.341214687E+00-0.257162899E+00 0.345427185E+00-0.270800799E+00 0.350227386E+00
-0.284598112E+00 0.355642587E+00-0.298524708E+00 0.358700007E+00-0.305999994E+00
 0.365907371E+00-0.303047031E+00 0.370696694E+00-0.301643580E+00 0.375684381E+00
-0.301469594E+00 0.380559862E+00-0.302535921E+00 0.385019541E+00-0.304776132E+00
 0.388785750E+00-0.308050752E+00 0.391623914E+00-0.312155873E+00 0.393871576E+00
-0.316623449E+00 0.396174341E+00-0.321062475E+00 0.398681700E+00-0.325386822E+00
 0.401492655E+00-0.329520226E+00 0.404592752E+00-0.333441436E+00 0.407965988E+00
-0.337130278E+00 0.411595076E+00-0.340567768E+00 0.415461272E+00-0.343736202E+00
 0.419544727E+00-0.346619278E+00 0.423824370E+00-0.349202156E+00 0.428278178E+00
-0.351471514E+00 0.432883263E+00-0.353415698E+00 0.437615871E+00-0.355024666E+00
 0.442451656E+00-0.356290191E+00 0.447365761E+00-0.357205719E+00 0.452332854E+00
-0.357766539E+00 0.457327366E+00-0.357969791E+00 0.462323606E+00-0.357814372E+00
 0.467295915E+00-0.357301205E+00 0.472243309E+00-0.356567681E+00 0.477175862E+00
-0.355740219E+00 0.482091814E+00-0.354819119E+00 0.486989319E+00-0.353804678E+00
 0.491866678E+00-0.352697313E+00 0.496722102E+00-0.351497382E+00 0.501553833E+00
-0.350205362E+00 0.506360114E+00-0.348821670E+00 0.511139214E+00-0.347346842E+00
 0.515889406E+00-0.345781386E+00 0.520608962E+00-0.344125897E+00 0.525296152E+00
-0.342380941E+00 0.529949367E+00-0.340547174E+00 0.534566820E+00-0.338625282E+00
 0.539146960E+00-0.336615890E+00 0.543687999E+00-0.334519804E+00 0.548188388E+00
-0.332337707E+00 0.552646458E+00-0.330070436E+00 0.557060599E+00-0.327718794E+00
 0.561429203E+00-0.325283647E+00 0.565750778E+00-0.322765857E+00 0.570023656E+00
-0.320166349E+00 0.574246287E+00-0.317486078E+00 0.578417242E+00-0.314725965E+00
 0.582534909E+00-0.311887056E+00 0.586597919E+00-0.308970332E+00 0.590604663E+00
-0.305976897E+00 0.594553769E+00-0.302907795E+00 0.598443806E+00-0.299764156E+00
 0.602273345E+00-0.296547115E+00 0.606220782E+00-0.293488979E+00 0.610765040E+00
-0.291434199E+00 0.615676343E+00-0.290567636E+00 0.620649397E+00-0.290943146E+00
 0.625374913E+00-0.292537391E+00 0.629559100E+00-0.295251250E+00 0.630810857E+00
-0.296400875E+00 0.637000024E+00-0.301999986E+00 0.642048478E+00-0.296599388E+00
 0.650582373E+00-0.288017213E+00 0.658715487E+00-0.279461086E+00 0.666466594E+00
-0.270939410E+00 0.665934026E+00-0.244669795E+00 0.672419012E+00-0.236644104E+00
 0.678593576E+00-0.228684202E+00 0.684474170E+00-0.220791698E+00 0.690076590E+00
-0.212967098E+00 0.695415914E+00-0.205210000E+00 0.700506091E+00-0.197519198E+00
 0.705360770E+00-0.189893097E+00 0.709992290E+00-0.182329193E+00 0.714412689E+00
-0.174824595E+00 0.718632996E+00-0.167375907E+00 0.722663522E+00-0.159979403E+00
 0.726513922E+00-0.152631000E+00 0.730193198E+00-0.145326301E+00 0.733709693E+00
-0.138060793E+00 0.737071216E+00-0.130829394E+00 0.740284681E+00-0.123627096E+00
 0.743356884E+00-0.116448700E+00 0.746293724E+00-0.109288797E+00 0.749100626E+00
-0.102141701E+00 0.751782477E+00-0.950017571E-01 0.754343808E+00-0.878631175E-01
 0.756788611E+00-0.807198063E-01 0.759120226E+00-0.735657290E-01 0.761341810E+00
-0.663946494E-01 0.763443172E+00-0.591966398E-01 0.765323877E+00-0.519409850E-01
 0.766957581E+00-0.446278676E-01 0.768342674E+00-0.372654200E-01 0.769477785E+00
-0.298618134E-01 0.770361900E+00-0.224252380E-01 0.770993888E+00-0.149639156E-01
 0.771373510E+00-0.748608634E-02
    0 0.566314578E+00    0
 0.000000000E+00 0.140168801E+00 0.199266627E+00 0.245234430E+00 0.284520715E+00
 0.319616109E+00 0.351803303E+00 0.381841779E+00 0.410228938E+00 0.437313884E+00
 0.463350892E+00 0.488533974E+00 0.513019085E+00 0.536932170E+00 0.560378551E+00
 0.583448231E+00 0.606222570E+00 0.628772438E+00 0.651165962E+00 0.673465788E+00
 0.695735335E+00 0.718036771E+00 0.740436792E+00 0.763004601E+00 0.785816967E+00
 0.808962464E+00 0.832545698E+00 0.856698632E+00 0.881598830E+00 0.907501757E+00
 0.934823573E+00 0.964399755E+00 0.100000000E+01
    0
